# N			C		Fortran		Rust		Java		Go		Python		Julia		JS			C#			Python		R	
#10			0.00	0.00		0.00		0.00		0.00	0.39		0.01		0.01		0.00		0.01		0.04
100			0.01	0.01		0.01		0.04		0.01	0.39		0.02		0.03		0.04		0.19		0.50
#1100		0.45	0.46		0.49		0.73		0.86	1.24		1.06		2.35		3.95		21.26		48.68
2100		1.65	1.72		1.77		2.35		2.95	3.53		3.98		8.78		14.52		78.50		213.22
4100		6.38	6.64		6.99		8.53		10.92	12.56		16.14		37.12		55.37		306.88		687.65
6100		14.08	14.71		15.50		18.71		24.18	27.31		39.39		84.43		121.94		670.26		1515.43
8100		24.73	25.86		27.24		32.99	    42.15	47.35		72.45		158.83		214.00		1194.10		2725.52
10100		38.48	40.42		42.65		51.41		65.58	72.90		112.73		248.89		331.91		1872.48		4192.09
12100		55.14	58.40		60.40		73.06		94.55	113.82		164.89		NaN			479.35		2679.19		6227.16
14100		74.68	81.12		82.95		99.76		128.76	151.98		228.77		NaN			655.32		3748.96		8282.38